5693
18364
11291
431
29899
64042
16279
11966
36721
36352
12300
51638
781
41494
22418
32905
7114
65010
13732
7185
6871
33211
800
12460
32514
25226
46383
35971
54914
59194
44192
60607
12022
55483
61038
41922
53989
11781
53888
25174
48133
653
11277
48914
42147
33695
16284
49261
33170
30016
56446
40041
63227
57246
52501
30206
16936
33348
641
6314
27007
44833
1385
39029
34781
62423
15415
23234
8668
3768
48409
56802
4421
59686
40180
46568
27845
56464
30293
61015
20945
21204
35521
18636
12914
22486
48842
29851
55835
49483
36165
17306
28781
37551
56335
63562
34438
6215
21260
43107
9983
4133
34373
14404
63819
9017
60972
26129
65482
25729
21608
20891
46933
57129
39527
59848
14080
22834
24163
4379
6781
60328
21685
35562
32343
12484
33588
1246
18699
54849
44353
28682
58982
13190
43086
57266
22207
38522
17859
22153
64252
39467
43044
45649
31061
17036
39961
45141
39870
64124
49520
46651
58917
5669
16678
25724
18153
50266
26970
36853
39579
5787
65535
33026
18977
43086
24756
41185
16072
42615
63338
14788
16546
40847
60438
47607
57883
34863
27212
32217
33452
11196
13332
26833
16865
30010
52557
35019
14741
13992
6336
54320
19779
6335
21810
38757
49421
46566
14406
65494
23645
12208
14746
40192
53055
9648
22263
45402
44512
49476
12083
12428
60672
25416
39261
12002
55426
26282
47021
4631
40274
53357
58952
60054
59692
15226
33275
43578
61793
47681
43536
19902
59889
58282
60094
47409
2395
16822
27275
46907
762
39359
59335
61434
64775
33060
7900
54665
59342
54921
59297
34081
42742
52713
28599
36899
2403
61874
14941
64196
44019
58477
18563
38372
51223
13121
20245
53618
29943
47521
34989
30705
21344
28788
26604
20583
61848
34504
9712
55655
23890
3473
24200
1096
56186
52799
37995
58590
49137
52936
57250
27620
45877
10277
456
31565
23399
20702
19647
53342
2687
54637
18512
24031
17889
45116
44614
14202
14084
54326
4321
37974
57800
28521
39071
48450
15784
11530
41504
64921
64467
33219
27005
44808
43496
27461
10837
1359
48163
30485
54702
50850
19586
7678
9345
37475
52794
53959
51677
1342
42750
55998
39317
35014
18983
12852
17928
34767
24382
59433
34152
23313
27116
61157
2586
5076
23083
13423
6436
5710
43908
61138
56561
63494
3280
370
35434
56074
54330
21575
57416
31544
12038
31197
1022
31021
44049
18950
253
2896
12847
34405
26209
39963
30027
28795
45040
53110
42219
51476
58820
20591
47078
49845
18550
50358
50216
53984
40896
39010
10023
32776
5018
22061
63974
6040
53083
42487
24990
53336
45383
37838
22205
6057
12265
52232
34852
57305
39806
11535
43245
33091
32127
24787
17400
50677
9609
2080
39125
50505
41090
49148
17746
46108
5674
16184
52148
58757
58671
11603
46557
38519
49441
3226
44576
61706
55459
13892
53476
29729
25428
31185
62820
57555
55973
14685
42696
46
16765
16285
50552
57856
65433
2762
38428
5571
18946
25041
64328
12081
36644
45349
50600
20549
48576
29640
16719
38499
43533
4659
2692
3425
35845
65513
60980
26282
14662
38140
26328
31427
54425
11344
23747
54322
14106
62176
59894
33052
21681
58686
45134
58325
38500
30198
13338
21540
59839
30057
60039
37836
34717
62731
41261
5026
62708
36705
31308
11834
9309
57636
43262
63734
3445
1473
52520
17551
63649
46878
50604
19794
40029
30202
12583
12993
60400
25921
34533
54703
55979
29036
27003
25160
26231
2728
30186
23404
39433
61494
35238
48742
53594
12964
46940
57039
14438
33925
9055
12551
15267
59659
32346
55296
24325
44929
2753
19189
5315
37286
8357
61294
786
35360
20918
27018
38089
51104
50422
11986
47062
20124
60729
35120
33089
42133
26624
47527
10522
35679
60078
25790
29802
26888
15550
54127
6282
18304
7780
11597
55590
16137
7355
56377
51498
28273
17859
24051
13841
2745
36037
60903
22869
31230
30487
55958
7828
57111
37949
18350
27254
32492
44140
57056
59380
59691
45647
126
12459
53428
11723
2513
4029
19078
58890
55527
47351
11213
14042
61192
13958
50080
56559
36828
15774
21511
27250
23602
13086
65200
41953
40341
32156
20557
31861
26000
14712
11973
26127
27171
65401
37850
29685
3894
56929
23039
59422
38744
34253
7928
34401
48211
58008
25424
19503
8247
46935
46754
31849
60022
46418
8266
34827
13038
28824
1152
39038
43536
13125
65165
5172
12990
37480
34857
16885
28873
57896
10771
2081
26613
18699
36482
9289
11172
61907
28792
19419
43306
10010
51268
37792
56428
59535
7083
3930
22823
8236
42969
823
21361
42598
5995
34352
14542
40852
51237
43415
33213
62008
45497
59826
15171
16443
3579
26343
12814
32372
45762
56121
42382
31495
28377
33275
25494
35461
37205
48317
43697
14638
49140
65058
57237
55136
33874
6243
30452
19575
49659
63665
16047
29620
57956
31219
46063
61535
57562
58878
28371
37789
49463
5218
3748
12304
38493
29242
47765
10162
12023
25926
24801
61163
25449
16502
50763
59323
22745
15680
13363
6868
13809
29410
36488
6229
60629
17016
2229
52656
10358
30600
24909
59821
35818
28657
6589
8775
57899
54355
18938
4386
14745
43739
13
40194
60241
50777
33982
17450
921
47345
24319
14730
11219
60807
20960
6313
12287
23189
58969
22645
53789
18342
16930
24072
46999
23520
32847
39362
12339
51785
43748
27084
29988
43761
1743
24693
29002
35725
42144
29923
17534
927
44654
28753
61734
78
35066
8486
23267
28499
31131
11520
46841
48062
35592
28304
6046
2904
2130
18385
54689
45878
45469
19142
24104
47212
43835
53106
17401
20443
17494
34935
21370
62148
63689
17569
62226
33219
26055
19957
61719
57186
31477
43024
39712
1534
5793
45758
4438
7923
64143
59127
53802
44077
12733
12370
25753
56569
65476
43155
11476
17434
12554
32847
14046
10707
50416
10736
43927
10935
30693
40110
2585
62171
17598
42298
63705
23391
22520
2607
31315
21128
61734
19581
65205
8932
31951
25422
65501
31891
3041
11441
49326
15596
44288
63372
26303
29168
8573
4694
40103
39266
44804
42689
35901
62403
19451
34070
20258
41971
36677
51573
63099
32876
5618
62768
41808
37569
22655
41773
3925
25696
53214
53251
41292
31967
51087
2060
61135
59660
6754
35703
33391
51559
12856
3756
48426
32307
37827
3148
8742
8968
54722
6306
41844
60340
3538
18116
32374
26193
59889
36299
51890
